27.6680 154.8600 1.0000
41.1140 221.2650 1.0000
59.1370 283.6090 1.0000
78.8180 340.0900 1.0000
107.3960 387.0420 1.0000
147.5250 420.9580 1.0000
194.0750 442.0430 1.0000
242.2260 451.4870 1.0000
289.8250 450.0010 1.0000
330.1330 440.3750 1.0000
362.3220 420.3930 1.0000
391.1660 395.3810 1.0000
412.1430 362.5820 1.0000
426.4750 322.0270 1.0000
438.5380 277.4200 1.0000
450.6410 229.0340 1.0000
457.9180 177.4780 1.0000
116.0000 126.0000 1.0000
128.0000 113.0000 1.0000
151.0000 106.0000 1.0000
170.0000 112.0000 1.0000
185.0000 122.0000 1.0000
311.0000 119.0000 1.0000
324.0000 104.0000 1.0000
342.0000 103.0000 1.0000
365.0000 104.0000 1.0000
380.0000 119.0000 1.0000
263.0000 230.0000 1.0000
255.0000 230.0000 1.0000
246.0000 236.0000 1.0000
235.0000 250.0000 1.0000
233.0000 270.0000 1.0000
247.0000 278.0000 1.0000
259.0000 271.0000 1.0000
267.0000 264.0000 1.0000
271.0000 243.0000 1.0000
119.4400 168.9820 1.0000
141.8930 159.5190 1.0000
172.3090 159.9000 1.0000
192.7600 175.8360 1.0000
169.6840 191.2370 1.0000
139.4240 191.5780 1.0000
300.5200 178.9800 1.0000
319.8580 156.6720 1.0000
349.6790 155.2620 1.0000
372.0180 169.6800 1.0000
355.0460 188.2150 1.0000
326.4050 190.4130 1.0000
209.0000 348.0000 1.0000
223.0000 328.0000 1.0000
247.0000 325.0000 1.0000
261.0000 323.0000 1.0000
276.0000 318.0000 1.0000
299.0000 319.0000 1.0000
317.0000 333.0000 1.0000
308.0000 356.0000 1.0000
293.0000 366.0000 1.0000
276.0000 372.0000 1.0000
255.0000 372.0000 1.0000
232.2910 369.3160 1.0000
215.0000 353.0000 1.0000
247.0000 336.0000 1.0000
264.0000 338.0000 1.0000
279.0000 329.0000 1.0000
309.0000 335.0000 1.0000
287.0000 356.0000 1.0000
268.0000 362.0000 1.0000
253.0000 362.0000 1.0000
